00101101
00000100
11101010
00010110
00110100
00001001
00100000
00101001
00100001
00001110
00100000
00100010
00011001
00010110
00001011
11010010
11010110
00000000
00101000
00001111
00001111
00000101
11111001
11011110
11101001
11100000
11110110
11011011
11111110
00100101
11110010
00101100
00010011
00011101
00001010
00101100
00010000
11100101
11010101
11101110
11100100
11100011
00110001
00101101
00101100
11111011
11010110
00001101
11000000
00000001
00101000
11010111
00000000
00110010
