18
22
-3
-21
-18
-3
0
-15
-31
37
17
34
-8
-7
-7
-31
-3
-19
29
31
20
-6
19
-6
-25
2
8
6
10
-4
-11
-10
-12
-20
-2
-2
11
7
-19
-4
1
-17
14
0
-14
-13
-19
-20
0
0
-21
-5
-14
-26
-52
-25
-14
-38
-6
-24
-2
26
29
-12
37
56
-31
-35
-39
-12
25
-5
-10
24
27
7
-5
-14
5
-22
-21
-31
-18
-18
-2
4
-18
18
25
7
-21
-3
-13
-5
40
14
5
1
10
-27
-29
-5
-6
-26
-27
33
-2
8
19
13
-5
-5
7
-16
-1
5
10
14
-7
8
6
-4
-4
3
19
-11
-16
-8
-4
-25
-28
-5
-33
-18
-18
-2
-1
-4
-1
7
-15
11
-19
6
-9
7
14
-21
15
14
-19
20
10
0
12
6
21
-17
16
15
-23
-6
-29
16
-11
-61
-47
-21
15
33
-2
11
53
64
-15
0
5
-3
-21
-11
17
22
30
-29
-4
20
-11
-5
-6
-3
38
-1
-37
-15
-2
8
-8
-11
-31
10
-10
6
-9
6
22
23
26
10
4
-27
-28
-8
-15
-5
-6
-2
-16
-13
8
-17
16
9
7
13
-11
8
-16
11
-21
-18
-8
-7
-6
-20
13
-21
-3
-19
1
16
3
14
18
10
14
3
4
18
2
19
10
-5
4
-18
-15
-10
-13
-22
-6
-20
1
-4
32
-22
26
9
-8
-1
-9
-14
3
-9
3
-23
-27
6
7
3
5
-6
4
16
-24
5
16
-20
-12
5
-15
-13
-2
-18
-2
-15
8
-1
-26
-7
4
25
-14
-2
21
-19
9
24
-7
-12
-4
-2
6
-22
3
-14
-4
-28
10
21
-8
2
20
-17
25
18
16
8
0
15
15
-5
24
6
-26
16
-8
-2
-30
-2
-13
-17
-1
-35
-20
-29
-4
-32
15
-5
-16
15
-9
11
-7
2
22
7
-34
35
-22
-38
-16
-3
-15
-40
-12
9
-31
-16
13
8
13
-11
12
-30
-7
-24
-19
-30
-3
-9
12
10
-8
3
0
-8
7
1
-28
-4
-25
11
7
18
17
-15
12
12
-20
-21
7
15
3
-10
-6
5
7
20
13
26
-11
14
-18
-4
-14
2
-10
16
-5
-29
-31
-13
1
13
26
23
3
0
-39
-2
-25
-23
12
-28
-16
20
21
-13
-24
19
23
-8
16
20
19
-6
0
42
46
-5
5
10
-9
-24
-31
18
6
3
-7
-17
-4
-17
-8
9
-10
-21
-11
0
28
-4
-9
10
42
7
-15
2
28
-25
-9
11
-20
-50
-16
-10
-12
-34
-1
19
10
-27
12
4
-35
-37
-33
10
11
1
27
19
42
-11
-26
-6
-8
-26
-15
10
23
18
4
9
4
15
7
36
-2
-14
-13
-28
4
5
19
32
25
24
11
-8
18
8
13
21
4
2
7
-23
-8
-21
-10
3
12
6
-32
10
-20
4
-19
-14
6
7
10
10
-14
-12
-13
-7
-12
-3
6
32
24
-5
-8
-7
-1
0
-14
-15
-11
-19
-19
-9
28
-42
-7
11
-8
-1
-12
5
5
7
-21
-5
-36
7
1
20
-12
21
22
-2
28
12
0
17
2
-21
-4
10
-9
-4
10
18
-2
-5
-9
-13
-5
-3
16
5
9
-8
-2
10
-40
12
-17
-10
-15
-15
29
-22
5
13
-21
1
14
-16
-8
-18
-6
-11
-26
19
-2
-18
25
-16
29
-13
5
24
-31
18
2
3
5
0
10
26
22
17
-18
-13
19
8
-17
-30
15
0
11
8
23
38
1
-2
-8
-31
-10
-5
-8
13
6
6
-14
-12
-16
14
13
-29
-11
6
-5
26
6
25
13
14
-27
-10
-25
3
-10
-5
-31
-32
-15
-31
-47
-17
14
-23
-9
2
-9
0
-3
-20
11
-5
-13
-20
7
-10
13
18
-15
-11
-14
17
-17
3
-19
-5
24
-15
-39
4
-16
27
1
-22
14
-7
-10
23
0
-18
-31
26
9
-24
-3
-20
-20
-14
2
23
-7
3
34
-9
-4
21
-17
-22
-4
10
14
-5
17
5
8
-8
-17
-2
-15
-1
6
6
21
13
-3
-6
-9
11
-22
-3
-8
13
-14
-10
8
9
-5
8
13
6
2
-11
-9
26
20
19
17
-2
-1
-33
-11
-1
-1
0
-2
-10
-1
-27
-10
-12
18
-14
-27
4
-26
-17
-26
-22
-3
5
-17
3
0
-7
10
1
-7
3
14
24
7
26
-7
-18
3
13
-4
-5
-18
16
7
-27
-1
-20
-12
23
16
3
-34
-4
3
-23
-8
1
-26
-4
1
26
16
-6
15
-11
-1
20
