8
9
1
5
-15
-10
-13
-13
5
-23
-11
-11
-12
-4
1
-9
-8
-2
4
-2
-9
8
-6
-2
0
-10
-13
-17
-7
6
-3
6
-13
3
-5
-14
11
4
-7
6
-1
-13
-8
-5
5
5
1
-8
3
8
2
8
-4
-20
-15
5
6
-13
-21
-10
8
-12
-5
-26
-13
-2
11
1
2
-6
-1
-2
11
-3
-11
-1
13
-12
-5
-7
1
-2
6
-4
6
7
-6
9
7
-14
8
-10
-16
7
-3
0
-3
0
1
-10
7
2
14
9
-10
-3
-11
3
-6
-3
-1
-6
-2
-11
-6
-20
4
-10
4
8
-7
13
-7
-13
3
-10
-10
1
1
-28
9
-30
-12
7
-13
-17
1
12
2
-5
6
-1
-2
9
-12
-5
4
-22
-7
15
4
-1
11
-2
-12
7
3
-8
-7
-24
6
-12
13
-34
12
10
21
16
-10
-13
17
-2
-8
14
3
3
-8
-8
13
-16
13
-8
17
-4
-6
-22
2
-1
-22
0
-5
1
-2
0
-3
3
-8
-4
-5
-23
-21
-4
6
-11
-32
1
-24
-1
-10
-4
-5
2
10
17
-18
-15
-32
-2
13
10
-10
17
-20
11
-13
-9
4
-15
9
28
15
1
-1
7
-7
22
4
13
-1
-10
-4
-36
7
-28
1
2
14
11
-6
1
6
1
1
0
-5
1
-2
-32
9
-25
10
-14
2
-12
1
-4
-19
15
5
-6
3
-11
-10
-8
-12
-5
1
1
0
-16
8
-11
7
-14
3
-4
2
4
-6
18
-10
9
7
21
1
-5
-6
-9
-2
-8
-1
4
15
17
-4
-1
-1
-1
-1
8
8
4
-9
12
7
3
2
-6
10
-5
-10
-4
18
-5
-7
11
3
-5
-8
0
-2
-2
2
6
-11
-3
6
-20
17
-11
-2
-10
3
8
5
8
-8
15
15
-9
3
1
8
-15
-6
-4
-6
-26
-8
1
8
7
-19
-6
14
-21
-2
-17
12
-10
-18
-7
9
-21
1
10
-1
3
-1
-23
4
-10
11
-2
16
2
2
5
-4
-13
0
11
-21
1
14
-9
-13
-4
9
14
-3
3
-3
-7
1
1
7
-14
3
-6
-1
-9
-9
10
-16
-1
-3
1
8
-1
-3
4
0
-10
9
-4
-10
4
4
7
3
15
0
-2
0
-13
10
9
11
-6
-5
-17
8
-2
0
0
-3
-3
1
2
7
-24
15
17
18
7
-17
-27
28
-4
-17
36
-4
31
0
6
-16
-32
7
12
2
7
-19
-17
14
-7
4
0
-13
8
-6
3
-6
5
4
-11
-3
-17
3
-5
-7
-14
-7
-15
-10
3
-1
-2
-11
-1
0
10
-22
-22
-9
7
-7
-24
3
9
-2
1
-6
-15
13
-11
9
12
21
9
-3
1
12
10
10
3
-1
-3
-24
-8
8
-13
-6
26
11
-2
-11
-16
9
-20
-2
21
11
-9
3
-14
-19
-12
2
-3
-8
-9
-22
-12
12
1
6
-13
-8
7
8
1
-1
10
-14
-14
0
-20
-9
-14
-5
-27
-21
-12
-14
-10
-4
-8
-26
-3
5
5
-10
-4
-25
-4
9
-6
8
6
5
13
12
2
3
-35
11
9
8
-6
-22
-10
10
8
2
15
-11
2
-13
-13
17
-12
-1
-30
14
-5
-13
-16
-1
-20
-18
-4
-15
17
-7
0
-20
-5
-1
-10
-15
-26
-18
-17
-8
-12
-10
-14
-19
0
-5
-4
-21
15
9
-16
2
-5
-9
-15
3
1
-9
-4
13
-5
11
-2
-8
-9
10
13
16
11
-7
-13
-4
-5
-3
19
1
3
9
4
2
-11
9
4
7
4
-12
-6
11
9
4
18
4
20
-12
7
1
4
-33
-9
6
-6
3
-7
-15
-16
11
-14
-14
-2
-11
17
-16
17
-3
4
-13
2
-3
-8
-10
-2
-6
-15
0
-3
12
3
-16
10
9
-14
11
13
-3
8
5
-7
-1
-6
-4
5
-8
-8
-16
-15
3
11
18
8
-20
6
0
3
-2
2
13
1
-6
2
2
7
-9
7
7
-9
0
9
10
5
-5
18
-22
16
-4
-13
5
12
-28
-6
-8
-11
17
9
1
6
17
7
-8
-2
-5
8
8
10
-8
-11
-4
9
3
0
-5
-4
17
2
3
-3
7
-4
-8
1
7
9
10
1
-8
2
-5
-3
6
3
1
2
1
-5
7
5
-8
-2
-3
7
1
9
7
-3
8
-4
11
-7
6
-1
-7
-6
-1
-12
7
-6
11
7
-11
10
6
-12
-1
-12
-13
-12
13
-7
-22
-4
0
-8
13
3
-9
9
0
-24
-7
-20
-23
-18
-2
-12
-23
-13
0
-14
1
-19
-13
-8
-12
-19
-6
1
8
15
-5
24
-12
-8
-6
-10
9
23
-17
-7
-9
-10
-12
-4
6
19
-10
20
-10
-8
-20
-7
-7
17
-7
-9
-7
1
-11
-3
11
4
-13
18
-2
2
-9
-16
1
11
7
-3
-5
17
-11
15
-4
-12
-1
-4
1
14
3
-18
-1
-1
17
5
-7
0
-1
4
-25
-11
-2
-10
10
-4
0
-2
-8
-26
1
8
-14
-5
-14
-9
8
23
-19
21
-7
-2
-4
9
-5
-1
-3
-13
-27
-6
7
2
9
23
-10
19
8
-3
-18
-3
-10
-4
0
-5
-3
-13
15
-6
-12
19
-11
2
8
-1
-8
-12
-1
-5
3
3
-6
0
10
10
-11
2
-3
-8
14
11
7
11
-7
-15
4
7
-15
3
9
15
-13
6
3
12
17
2
1
-1
-5
3
-10
7
4
-6
2
18
-7
-17
14
-22
10
-5
8
14
-1
-6
20
-5
1
8
13
5
9
-23
6
-27
14
4
4
16
-15
-7
-4
1
-2
-6
0
-12
6
-21
-5
-20
8
-19
3
3
-2
-1
-14
-5
1
-15
0
-5
0
2
1
-10
-1
-30
-8
4
10
4
-6
-4
9
-8
9
-4
5
21
-8
34
-14
-6
-15
2
21
13
6
-5
17
-1
25
-14
6
-16
19
-6
10
1
21
22
-4
4
-5
10
7
-1
0
1
15
-20
4
-3
11
-4
5
-1
-1
8
-5
6
7
-5
-11
-8
10
-12
-6
5
-7
-18
-22
5
2
6
-8
-6
9
-23
-7
-1
4
9
-2
5
-18
-10
-21
1
16
10
-8
1
5
-9
-3
-8
-4
21
1
15
-18
-2
-3
-7
32
9
-5
-1
16
7
13
3
-1
3
6
4
-6
-3
12
3
8
6
-2
-12
19
-1
-4
-10
-1
6
-6
15
-4
-14
-14
3
9
12
-5
-4
18
-11
9
-13
-22
-1
-2
4
-2
-4
-11
-4
13
12
-27
3
5
-15
7
-21
-12
-3
18
6
-8
-7
5
-4
13
4
-14
-2
2
-12
-2
-12
-23
-14
3
-1
-9
-22
9
-18
-2
-31
-9
0
1
3
-4
1
3
8
-15
24
-3
-20
-1
5
-15
18
5
-15
2
-23
-16
-13
4
27
-21
27
-8
-3
-34
-1
-24
13
23
-11
-3
3
4
-3
-18
12
-8
11
7
-3
4
13
-3
5
-7
1
-6
-18
4
-16
-20
-15
8
-14
10
-23
8
13
-3
-13
-21
0
6
-28
0
-17
4
-23
0
-21
-1
-10
7
5
2
-16
5
-7
-2
18
-13
19
0
18
-9
8
-23
-9
0
-16
-9
-2
3
-25
-18
-17
-18
-17
-8
6
-17
13
-11
12
-22
5
-23
7
19
1
-10
0
9
2
4
3
7
-2
-4
-14
-7
5
-1
4
-6
-4
7
-27
8
-14
20
-18
-5
13
-6
-18
3
2
14
9
-9
-11
-1
-16
-7
-10
4
-9
1
7
-5
-21
1
-3
10
-9
-1
-13
-6
2
-1
3
-18
17
-4
9
-10
-8
2
-12
20
-9
-3
-18
2
-7
8
-4
-1
22
-8
10
-5
5
-23
-13
2
8
-2
-16
-2
-2
-1
-5
-2
15
-10
24
-11
-3
-19
-14
2
7
-5
-9
-3
-4
5
-5
-7
-3
4
1
0
5
7
-6
9
0
2
0
-2
-8
-5
-5
-19
-24
8
-6
6
-12
13
3
5
-13
-7
-2
-6
-8
1
-3
-6
8
0
-3
-9
-2
4
3
18
2
-5
-8
8
-6
17
-19
-14
23
-8
4
-8
1
-18
0
15
-2
-14
-4
8
-17
22
-21
2
19
-3
-6
-2
13
12
12
7
-1
-4
-8
3
-10
7
-18
1
-1
-7
-19
2
-11
3
11
-4
-1
7
8
-2
-8
4
-9
-6
-17
-6
-25
10
-9
5
-6
-11
-6
1
-2
-12
-1
0
12
-7
2
5
-7
-11
9
-5
-1
12
-2
-3
9
-3
11
1
12
7
-3
1
7
2
7
19
-16
-12
-17
-9
15
-34
16
-3
6
-5
-1
0
-9
0
5
6
-9
-27
-37
9
4
-39
27
-8
9
-12
-3
2
-11
15
32
8
2
-35
-15
27
15
-16
29
-10
4
-17
6
3
-5
13
27
0
18
-19
-9
13
22
-19
13
-7
-7
5
2
3
-10
-3
9
-9
-11
2
-9
2
4
-1
12
6
12
-13
-1
18
-28
11
3
15
9
6
-26
-4
20
-2
8
-13
-11
-13
-12
2
-11
2
6
-7
4
-5
-30
10
14
-17
23
-10
3
-22
-11
6
-26
3
12
3
-3
-19
-16
10
-2
-8
23
4
-2
-3
2
1
-17
6
18
-2
9
-10
2
-2
3
-6
8
-1
-15
-6
-20
10
-2
7
11
2
7
4
15
-6
8
22
11
-1
-4
8
-15
16
-19
10
-3
13
3
20
9
-21
6
16
-23
1
-5
4
-22
-9
-17
-2
-12
-11
-13
12
-3
-17
3
20
-10
1
-18
-10
-24
-4
-13
7
-2
6
11
1
2
-16
6
14
7
6
-22
3
5
6
-9
7
0
6
-2
15
6
-16
-6
17
3
7
-6
-3
-8
2
4
3
2
11
11
-12
11
-10
5
11
-4
5
-7
0
-1
3
9
5
-2
-3
-13
-2
2
-1
-6
10
4
-16
-2
13
-11
-5
-2
-11
4
0
1
-4
4
5
9
4
2
-14
9
9
-14
10
-3
2
-21
0
8
-12
5
-5
6
12
-2
6
-8
23
-9
6
11
-14
-18
1
-9
1
0
11
-3
18
-8
-11
-7
-1
9
-17
10
-4
-14
0
-4
-9
3
-5
-27
-33
-19
-17
2
-6
6
-3
-3
7
3
3
-9
-36
-1
12
-10
-25
7
-6
14
-8
-15
-10
-10
11
2
2
-12
-38
-10
14
14
-27
21
-14
5
-8
-20
5
3
2
15
4
-7
3
-1
3
-5
-19
12
-24
-2
-4
-9
-4
-5
-5
-1
-3
-2
15
1
-5
1
-2
-5
-6
-4
-3
-4
3
-3
9
1
-2
-14
-4
-17
2
9
-10
4
1
4
6
-3
8
-4
-9
3
12
4
-1
-22
-9
9
-7
6
-3
-7
3
-4
-1
0
8
-9
-1
-10
-6
-8
5
-13
-3
-7
-2
-3
4
3
-20
10
-4
-16
-16
7
-4
17
-7
-16
12
-6
6
17
15
1
-15
10
12
10
-24
9
-2
17
-3
-9
22
-4
5
22
-18
-29
0
-13
-9
-2
-28
-11
-16
0
8
-4
0
8
-1
7
1
-17
1
-13
2
-7
2
-2
3
-5
-4
18
3
10
2
8
11
3
6
13
3
-37
7
-4
9
3
-4
-1
-3
2
0
-21
24
19
-10
15
-9
-64
-24
-14
6
18
-18
-41
5
-20
-4
-14
35
7
-22
26
-35
-26
-22
-9
5
19
12
-30
9
-10
2
11
4
10
4
4
-1
0
-6
-2
2
9
1
-1
0
-2
-17
-1
3
-12
-1
4
-3
6
1
-1
2
3
-9
6
3
0
5
-3
9
-2
-4
3
-6
-16
1
-8
9
2
-13
-6
7
0
-1
-11
27
6
-1
18
-19
-6
-9
-35
20
10
12
2
0
-12
-10
9
9
-7
-8
16
-35
-14
-15
-32
7
-10
-4
-5
-19
-2
-5
-15
-4
23
-1
10
-4
-8
-17
-5
16
7
11
-11
0
4
10
-13
-4
22
2
15
-11
5
-18
-15
9
6
-13
-4
0
-8
-5
-7
0
7
1
10
-7
5
-2
-5
3
-6
2
-11
1
-3
0
8
-17
5
0
-8
5
12
-2
-14
1
-7
3
7
-7
-2
-6
7
-28
4
-15
-7
-5
3
3
-4
-7
-31
-4
-11
-4
5
0
-10
10
13
-14
-5
-5
-8
-10
1
6
0
3
3
-2
-5
2
-9
1
25
-10
1
-11
-4
-5
2
18
2
-4
-1
10
-5
17
-18
2
11
-1
-10
1
-1
12
7
9
1
-14
-3
5
-13
3
-13
0
-8
-1
-17
-2
6
-1
1
-1
-7
-9
-2
-2
12
8
2
-10
-4
6
-7
16
10
7
0
0
-4
-3
-7
1
5
6
4
9
0
-2
-5
2
-5
-4
0
-15
-21
0
8
-9
6
-2
3
4
-27
4
-25
3
-1
18
2
-31
-27
10
-3
-27
4
-6
0
12
-22
-13
-35
8
4
14
-4
-46
-12
13
-1
-38
2
-9
7
24
-8
-18
-9
4
4
4
16
-25
4
19
6
-11
5
-10
25
29
-5
-19
0
7
-19
-11
-5
-9
14
18
-3
2
-7
-15
11
0
-16
11
0
13
10
0
5
-6
-31
12
1
-11
11
-8
11
-5
-22
-3
-15
11
-8
7
0
-20
-21
8
8
-22
5
-6
1
-6
4
-13
-2
5
-3
14
4
-6
-7
4
-12
-17
9
4
-8
11
35
-13
33
-1
-24
-11
-8
4
1
3
-28
-11
-13
1
15
12
38
-14
39
-15
-4
-20
-3
9
9
0
-7
4
-12
13
7
-13
-28
3
-29
12
7
14
4
-16
-15
7
10
4
14
-3
13
-8
-19
11
-46
10
0
5
-7
-13
-19
6
-1
2
3
7
-4
-2
1
3
-3
-2
-10
-11
0
5
-9
-1
10
-3
0
-1
-8
6
17
-6
14
-5
-8
-14
1
11
-7
-12
-1
16
-11
0
-5
-12
-7
12
6
-1
7
3
2
6
-8
0
9
4
2
17
-17
-16
-37
1
-22
7
1
-6
-2
-9
9
-3
-3
3
15
-12
1
-24
-39
10
-27
-4
4
-1
13
15
-6
-15
16
11
7
-7
-4
-15
-20
6
-18
-1
-17
0
-2
7
0
-14
9
10
-21
-3
-24
-6
-6
0
-2
-3
-4
-7
-2
14
-6
-9
-6
0
-1
5
-16
-16
-15
3
-14
7
13
16
13
2
4
2
20
-7
0
3
5
0
-3
-6
-3
-3
3
-13
2
-19
1
-15
-14
-2
-5
-25
13
1
-12
15
9
0
3
-14
-5
0
6
-20
2
18
-3
-9
1
14
8
5
18
-13
-33
-5
6
15
9
-6
-15
5
-31
1
-33
8
-8
-6
15
-2
-15
-7
1
17
5
3
-14
14
-22
12
-3
3
3
8
-11
-12
-10
5
13
-7
1
12
-4
-6
2
0
-4
7
6
16
7
-10
6
0
-8
28
0
9
4
28
-2
0
-10
2
7
21
29
-12
-12
-15
-10
20
-1
-2
6
15
-15
2
-12
-8
1
-4
17
-2
-22
-24
-12
5
-17
-31
-18
10
-34
9
-13
3
7
1
19
-1
-10
3
0
8
-11
-23
-16
6
-22
4
-2
-10
1
-14
21
-5
-7
8
3
-4
-22
-9
-11
9
2
3
-4
13
11
8
23
-5
2
-8
1
19
4
-3
5
13
-2
3
-9
2
10
-14
11
0
-10
10
-2
12
16
-8
-4
13
-11
0
-12
-1
8
-5
5
5
9
9
-9
9
16
22
5
4
6
0
13
2
-2
-1
-26
3
6
1
-5
5
10
-6
9
21
-8
12
-7
-11
10
3
-12
2
0
5
-2
0
-9
-2
-10
10
-14
15
4
-7
14
-13
9
9
-3
17
0
-4
-3
-1
-1
6
-5
-2
-6
2
24
0
4
-13
-6
10
-3
-26
-7
0
-9
-15
-3
9
15
-1
12
-18
-1
5
5
-9
1
-42
-12
24
15
-17
29
-2
14
-16
-12
2
-23
18
10
1
1
-11
-3
5
9
-4
6
-6
5
-9
-3
2
3
-6
-14
7
10
13
-1
-5
-1
10
3
-6
5
0
-2
-23
10
-2
-4
12
2
-23
-1
10
-9
-7
-12
-5
-12
-8
-14
-13
14
5
2
1
6
-14
-1
0
-4
-14
-4
-6
7
-9
-16
-13
-23
-8
7
0
-2
-18
-15
13
2
-19
18
10
6
19
-4
-2
-8
4
-1
1
11
-4
-1
-5
1
6
-14
-2
6
12
-9
-9
5
0
-13
-1
-9
10
13
2
-6
12
6
-15
19
4
5
-14
4
10
-4
-5
4
-11
-12
0
-18
-26
-4
3
-7
-7
-14
-16
-15
-2
2
12
-2
-33
-12
10
6
-27
10
-9
10
-5
-21
10
-24
7
10
2
-9
-27
-23
5
19
-22
16
-18
7
-2
-17
-11
-7
-1
-11
-7
-20
-25
-9
9
1
-26
4
-21
2
10
-2
-20
10
-15
-11
-21
-14
-12
-4
-4
-4
-36
10
-23
8
-8
2
8
-5
2
7
4
7
-1
-23
1
-7
-11
9
7
-2
-11
-1
15
11
-3
5
6
16
-6
-6
5
-2
-2
4
11
2
5
4
7
-2
6
-7
-12
4
4
8
-6
-3
0
-10
1
-10
7
3
4
-4
-15
-9
-8
-1
9
17
-20
3
2
-10
-2
-22
-1
2
12
5
6
5
-7
6
11
-8
-5
5
11
12
0
-7
-9
-14
10
-7
-4
-6
0
1
11
9
3
16
13
-1
-8
-9
-6
-17
2
-1
-9
-4
6
1
22
4
-14
16
8
5
-11
-6
-10
-20
4
5
1
-2
-7
-3
12
3
-20
4
-8
-20
-6
-28
-10
-5
-2
-5
14
9
-2
1
-7
9
-12
10
0
0
6
-8
8
-3
1
-20
2
12
8
7
8
2
-11
19
5
-2
7
-3
7
0
2
-4
7
3
-7
-19
4
8
3
-4
3
-2
-6
-8
-9
8
-5
-10
4
7
1
-12
23
4
-11
6
3
-5
7
1
-12
-17
13
-22
4
-1
4
0
15
-2
-29
5
7
-24
5
-41
20
-13
-1
4
4
-25
-5
20
9
11
-2
-14
1
-25
15
-16
19
-23
-14
4
-1
-8
-9
12
-1
20
3
-8
-5
-3
2
4
1
-7
3
-10
7
-3
3
5
-15
-15
13
1
-7
11
13
8
-1
-17
11
-20
7
4
1
4
-14
-6
-1
12
-6
7
-5
0
-14
-33
0
-10
0
-15
-5
-7
-5
3
-26
8
-10
-26
-12
-17
12
-12
10
14
-8
1
-8
-7
11
-3
-6
-3
1
-1
-5
-4
-2
-16
6
12
1
12
4
-9
6
-5
7
0
-17
4
-9
-16
-14
-34
12
1
13
3
-5
8
-14
3
1
11
-1
7
6
15
-6
-40
15
-13
5
4
-18
-9
18
7
-8
12
10
6
1
-3
-11
-17
0
5
-9
-2
-5
-5
22
7
-25
14
5
-15
3
-33
-11
-2
13
-13
5
4
10
3
6
3
-15
16
6
6
6
-7
-16
-13
0
-6
0
3
8
-5
4
-5
3
-8
-13
-4
0
-2
-8
-3
-21
-10
1
-2
-9
-10
-14
-23
-5
-10
-12
5
4
5
4
-1
-9
4
-3
-5
-3
3
-12
-11
-12
-27
-3
-6
5
5
-8
8
-7
21
0
-23
-11
2
8
11
-27
-17
13
-19
10
-14
-4
7
0
21
-16
-18
-4
8
18
11
-48
-19
8
-25
10
-28
4
-10
-5
15
-22
-9
-7
-3
16
-1
-17
-16
-2
-14
-2
2
-4
-15
1
-18
2
5
7
8
3
-19
4
18
0
13
-4
3
-7
-5
12
-20
7
-8
1
6
-2
0
2
6
1
2
-5
-11
-8
-18
-2
-7
-6
-13
-11
0
-4
10
-16
3
-3
-17
4
-27
-16
-11
2
-7
4
-13
5
9
4
2
-23
-2
10
-11
-8
-11
-21
-12
19
-12
-5
-18
1
-13
5
-13
-9
-4
-2
-6
-12
-8
-2
-41
23
-17
9
10
9
-1
11
9
-5
17
12
16
1
0
-2
-11
14
4
-1
-1
-14
-3
11
7
-18
3
18
-12
-7
-13
14
0
-9
13
-8
-4
-15
0
10
6
-1
0
13
-6
10
-13
-5
5
-2
-26
9
-14
5
12
-16
-3
-14
6
-4
-1
10
-1
0
-17
0
-31
3
-2
8
4
-13
-19
-6
1
2
-1
-16
17
-16
4
10
1
-10
-1
-26
-18
-8
5
-15
8
15
-7
-10
-5
2
24
8
20
-3
5
-10
-9
18
7
5
-7
8
-3
-4
-5
17
23
-2
16
-1
2
6
6
-8
11
17
7
-10
7
-7
10
-2
-3
4
-22
9
-11
4
-4
-44
3
0
10
-12
-1
-22
10
-7
-14
-2
-11
-9
9
-4
-16
-29
-28
-3
4
-18
7
-25
9
6
6
-19
7
-5
-5
-10
-2
-18
-5
10
-7
-11
-6
-2
-4
3
18
-7
3
-4
5
1
-5
-9
-1
5
1
-19
7
9
9
6
8
-4
-8
7
13
9
-10
-27
-13
10
14
-16
18
-11
9
-9
-15
-12
-10
-5
22
-9
-16
-9
-6
2
-3
-12
6
-20
3
-19
-3
5
-12
-4
-5
-7
-11
6
-11
-13
-2
2
5
0
-17
